0     0    57  219  0    374  156  1400  0    0    0    0    0    0    0    0
0     0    0   0    0    0    593  0     351  0    0    0    0    0    0    0
57    0    0   0    0    0    0    0     0    0    0    0    0    0    0    0
219   0    0   0    118  0    0    0     0    0    0    0    0    0    285  0
0     0    0   118  0    0    0    0     0    0    0    407  0    0    0    0
374   0    0   0    0    0    0    0     0    0    0    0    0    0    242  0
156   593  0   0    0    0    0    0     0    0    0    0    0    0    0    0
1400  0    0   0    0    0    0    0     0    0    0    0    0    0    0    1960
0     351  0   0    0    0    0    0     0    358  0    389  0    0    0    0
0     0    0   0    0    0    0    0     358  0    159  0    0    0    0    0
0     0    0   0    0    0    0    0     0    159  0    0    0    0    0    0
0     0    0   0    407  0    0    0     398  0    0    0    249  0    0    0
0     0    0   0    0    0    0    0     0    0    0    249  0    155  0    0
0     0    0   0    0    0    0    0     0    0    0    0    155  0    308  0
0     0    0   285  0    242  0    0     0    0    0    0    0    308  0    0
0     0    0   0    0    0    0    1960  0    0    0    0    0    0    0    0